0.282000005245
0.283999979496
0.286000013351
0.286000013351
0.290000021458
0.290000021458
0.291999995708
0.291999995708
0.291999995708
0.291999995708
0.291999995708
0.294000029564
0.294000029564
0.294000029564
0.296000003815
0.296000003815
0.296000003815
0.296000003815
0.296000003815
0.296000003815
0.296000003815
0.297999978065
0.297999978065
0.297999978065
0.297999978065
0.297999978065
0.297999978065
0.297999978065
0.297999978065
0.297999978065
0.297999978065
0.297999978065
0.300000011921
0.300000011921
0.300000011921
0.300000011921
0.300000011921
0.300000011921
0.300000011921
0.301999986172
0.301999986172
0.301999986172
0.301999986172
0.301999986172
0.301999986172
0.304000020027
0.304000020027
0.304000020027
0.304000020027
0.304000020027
0.304000020027
0.304000020027
0.304000020027
0.304000020027
0.304000020027
0.305999994278
0.305999994278
0.305999994278
0.305999994278
0.305999994278
0.305999994278
0.305999994278
0.308000028133
0.308000028133
0.308000028133
0.308000028133
0.308000028133
0.308000028133
0.308000028133
0.308000028133
0.308000028133
0.308000028133
0.308000028133
0.308000028133
0.310000002384
0.310000002384
0.310000002384
0.310000002384
0.310000002384
0.310000002384
0.310000002384
0.310000002384
0.310000002384
0.310000002384
0.310000002384
0.310000002384
0.310000002384
0.310000002384
0.310000002384
0.310000002384
0.310000002384
0.310000002384
0.310000002384
0.310000002384
0.310000002384
0.310000002384
0.311999976635
0.311999976635
0.311999976635
0.311999976635
0.311999976635
0.311999976635
0.311999976635
0.311999976635
0.311999976635
0.311999976635
0.311999976635
0.31400001049
0.31400001049
0.31400001049
0.31400001049
0.31400001049
0.31400001049
0.31400001049
0.31400001049
0.31400001049
0.31400001049
0.31400001049
0.31400001049
0.31400001049
0.31400001049
0.31400001049
0.31400001049
0.31400001049
0.31400001049
0.31400001049
0.31400001049
0.315999984741
0.315999984741
0.315999984741
0.315999984741
0.315999984741
0.315999984741
0.315999984741
0.315999984741
0.315999984741
0.315999984741
0.315999984741
0.315999984741
0.315999984741
0.315999984741
0.315999984741
0.315999984741
0.315999984741
0.315999984741
0.318000018597
0.318000018597
0.318000018597
0.318000018597
0.318000018597
0.318000018597
0.318000018597
0.318000018597
0.318000018597
0.318000018597
0.318000018597
0.318000018597
0.318000018597
0.318000018597
0.318000018597
0.318000018597
0.318000018597
0.318000018597
0.318000018597
0.318000018597
0.318000018597
0.319999992847
0.319999992847
0.319999992847
0.319999992847
0.319999992847
0.319999992847
0.319999992847
0.319999992847
0.319999992847
0.319999992847
0.319999992847
0.319999992847
0.319999992847
0.319999992847
0.319999992847
0.319999992847
0.319999992847
0.319999992847
0.319999992847
0.319999992847
0.319999992847
0.319999992847
0.319999992847
0.319999992847
0.319999992847
0.319999992847
0.319999992847
0.319999992847
0.322000026703
0.322000026703
0.322000026703
0.322000026703
0.322000026703
0.322000026703
0.322000026703
0.322000026703
0.322000026703
0.322000026703
0.322000026703
0.322000026703
0.322000026703
0.322000026703
0.322000026703
0.322000026703
0.322000026703
0.322000026703
0.322000026703
0.322000026703
0.322000026703
0.322000026703
0.322000026703
0.322000026703
0.324000000954
0.324000000954
0.324000000954
0.324000000954
0.324000000954
0.324000000954
0.324000000954
0.324000000954
0.324000000954
0.324000000954
0.324000000954
0.324000000954
0.324000000954
0.324000000954
0.324000000954
0.324000000954
0.324000000954
0.324000000954
0.324000000954
0.324000000954
0.324000000954
0.324000000954
0.324000000954
0.324000000954
0.324000000954
0.324000000954
0.324000000954
0.324000000954
0.324000000954
0.324000000954
0.324000000954
0.324000000954
0.325999975204
0.325999975204
0.325999975204
0.325999975204
0.325999975204
0.325999975204
0.325999975204
0.325999975204
0.325999975204
0.325999975204
0.325999975204
0.325999975204
0.325999975204
0.325999975204
0.325999975204
0.325999975204
0.325999975204
0.325999975204
0.325999975204
0.325999975204
0.325999975204
0.325999975204
0.325999975204
0.325999975204
0.325999975204
0.325999975204
0.325999975204
0.325999975204
0.325999975204
0.325999975204
0.32800000906
0.32800000906
0.32800000906
0.32800000906
0.32800000906
0.32800000906
0.32800000906
0.32800000906
0.32800000906
0.32800000906
0.32800000906
0.32800000906
0.32800000906
0.32800000906
0.32800000906
0.32800000906
0.32800000906
0.32800000906
0.32800000906
0.32800000906
0.32800000906
0.32800000906
0.32800000906
0.32800000906
0.32800000906
0.32800000906
0.32800000906
0.32800000906
0.32800000906
0.32800000906
0.32800000906
0.32800000906
0.32800000906
0.32800000906
0.329999983311
0.329999983311
0.329999983311
0.329999983311
0.329999983311
0.329999983311
0.329999983311
0.329999983311
0.329999983311
0.329999983311
0.329999983311
0.329999983311
0.329999983311
0.329999983311
0.329999983311
0.329999983311
0.329999983311
0.329999983311
0.329999983311
0.329999983311
0.329999983311
0.329999983311
0.329999983311
0.332000017166
0.332000017166
0.332000017166
0.332000017166
0.332000017166
0.332000017166
0.332000017166
0.332000017166
0.332000017166
0.332000017166
0.332000017166
0.332000017166
0.332000017166
0.332000017166
0.332000017166
0.332000017166
0.332000017166
0.332000017166
0.332000017166
0.332000017166
0.332000017166
0.332000017166
0.332000017166
0.332000017166
0.332000017166
0.332000017166
0.332000017166
0.332000017166
0.333999991417
0.333999991417
0.333999991417
0.333999991417
0.333999991417
0.333999991417
0.333999991417
0.333999991417
0.333999991417
0.333999991417
0.333999991417
0.333999991417
0.333999991417
0.333999991417
0.333999991417
0.333999991417
0.333999991417
0.333999991417
0.333999991417
0.333999991417
0.333999991417
0.333999991417
0.333999991417
0.333999991417
0.333999991417
0.333999991417
0.333999991417
0.333999991417
0.336000025272
0.336000025272
0.336000025272
0.336000025272
0.336000025272
0.336000025272
0.336000025272
0.336000025272
0.336000025272
0.336000025272
0.336000025272
0.336000025272
0.336000025272
0.336000025272
0.336000025272
0.336000025272
0.336000025272
0.336000025272
0.336000025272
0.336000025272
0.336000025272
0.336000025272
0.336000025272
0.336000025272
0.336000025272
0.336000025272
0.337999999523
0.337999999523
0.337999999523
0.337999999523
0.337999999523
0.337999999523
0.337999999523
0.337999999523
0.337999999523
0.337999999523
0.337999999523
0.337999999523
0.337999999523
0.337999999523
0.337999999523
0.337999999523
0.337999999523
0.337999999523
0.337999999523
0.337999999523
0.337999999523
0.337999999523
0.337999999523
0.337999999523
0.337999999523
0.337999999523
0.337999999523
0.337999999523
0.337999999523
0.337999999523
0.337999999523
0.339999973774
0.339999973774
0.339999973774
0.339999973774
0.339999973774
0.339999973774
0.339999973774
0.339999973774
0.339999973774
0.339999973774
0.339999973774
0.339999973774
0.339999973774
0.339999973774
0.339999973774
0.339999973774
0.339999973774
0.339999973774
0.339999973774
0.339999973774
0.339999973774
0.339999973774
0.339999973774
0.339999973774
0.339999973774
0.339999973774
0.339999973774
0.339999973774
0.339999973774
0.339999973774
0.339999973774
0.342000007629
0.342000007629
0.342000007629
0.342000007629
0.342000007629
0.342000007629
0.342000007629
0.342000007629
0.342000007629
0.342000007629
0.342000007629
0.342000007629
0.342000007629
0.342000007629
0.342000007629
0.342000007629
0.342000007629
0.342000007629
0.342000007629
0.342000007629
0.342000007629
0.342000007629
0.342000007629
0.34399998188
0.34399998188
0.34399998188
0.34399998188
0.34399998188
0.34399998188
0.34399998188
0.34399998188
0.34399998188
0.34399998188
0.34399998188
0.34399998188
0.34399998188
0.34399998188
0.34399998188
0.34399998188
0.34399998188
0.34399998188
0.34399998188
0.34399998188
0.34399998188
0.34399998188
0.34399998188
0.34399998188
0.34399998188
0.34399998188
0.346000015736
0.346000015736
0.346000015736
0.346000015736
0.346000015736
0.346000015736
0.346000015736
0.346000015736
0.346000015736
0.346000015736
0.346000015736
0.346000015736
0.346000015736
0.346000015736
0.346000015736
0.346000015736
0.346000015736
0.346000015736
0.346000015736
0.346000015736
0.346000015736
0.346000015736
0.346000015736
0.347999989986
0.347999989986
0.347999989986
0.347999989986
0.347999989986
0.347999989986
0.347999989986
0.347999989986
0.347999989986
0.347999989986
0.347999989986
0.347999989986
0.347999989986
0.347999989986
0.347999989986
0.347999989986
0.347999989986
0.347999989986
0.347999989986
0.347999989986
0.347999989986
0.347999989986
0.347999989986
0.347999989986
0.347999989986
0.347999989986
0.347999989986
0.347999989986
0.347999989986
0.347999989986
0.347999989986
0.347999989986
0.347999989986
0.350000023842
0.350000023842
0.350000023842
0.350000023842
0.350000023842
0.350000023842
0.350000023842
0.350000023842
0.350000023842
0.350000023842
0.350000023842
0.350000023842
0.350000023842
0.350000023842
0.350000023842
0.350000023842
0.350000023842
0.350000023842
0.350000023842
0.350000023842
0.350000023842
0.350000023842
0.350000023842
0.351999998093
0.351999998093
0.351999998093
0.351999998093
0.351999998093
0.351999998093
0.351999998093
0.351999998093
0.351999998093
0.351999998093
0.351999998093
0.351999998093
0.351999998093
0.351999998093
0.351999998093
0.351999998093
0.351999998093
0.351999998093
0.351999998093
0.351999998093
0.353999972343
0.353999972343
0.353999972343
0.353999972343
0.353999972343
0.353999972343
0.353999972343
0.353999972343
0.353999972343
0.353999972343
0.353999972343
0.353999972343
0.353999972343
0.353999972343
0.353999972343
0.353999972343
0.353999972343
0.353999972343
0.353999972343
0.353999972343
0.353999972343
0.353999972343
0.353999972343
0.353999972343
0.353999972343
0.353999972343
0.353999972343
0.353999972343
0.353999972343
0.353999972343
0.353999972343
0.356000006199
0.356000006199
0.356000006199
0.356000006199
0.356000006199
0.356000006199
0.356000006199
0.356000006199
0.356000006199
0.356000006199
0.356000006199
0.356000006199
0.356000006199
0.356000006199
0.356000006199
0.356000006199
0.356000006199
0.356000006199
0.356000006199
0.356000006199
0.356000006199
0.35799998045
0.35799998045
0.35799998045
0.35799998045
0.35799998045
0.35799998045
0.35799998045
0.35799998045
0.35799998045
0.35799998045
0.35799998045
0.35799998045
0.35799998045
0.35799998045
0.35799998045
0.35799998045
0.35799998045
0.35799998045
0.35799998045
0.35799998045
0.360000014305
0.360000014305
0.360000014305
0.360000014305
0.360000014305
0.360000014305
0.360000014305
0.360000014305
0.360000014305
0.360000014305
0.360000014305
0.360000014305
0.360000014305
0.360000014305
0.360000014305
0.360000014305
0.360000014305
0.361999988556
0.361999988556
0.361999988556
0.361999988556
0.361999988556
0.361999988556
0.361999988556
0.361999988556
0.361999988556
0.361999988556
0.361999988556
0.361999988556
0.361999988556
0.361999988556
0.361999988556
0.361999988556
0.364000022411
0.364000022411
0.364000022411
0.364000022411
0.364000022411
0.364000022411
0.364000022411
0.364000022411
0.364000022411
0.364000022411
0.365999996662
0.365999996662
0.365999996662
0.365999996662
0.365999996662
0.365999996662
0.365999996662
0.365999996662
0.365999996662
0.365999996662
0.365999996662
0.365999996662
0.365999996662
0.365999996662
0.365999996662
0.365999996662
0.365999996662
0.365999996662
0.365999996662
0.365999996662
0.365999996662
0.365999996662
0.365999996662
0.365999996662
0.365999996662
0.367999970913
0.367999970913
0.367999970913
0.367999970913
0.367999970913
0.367999970913
0.367999970913
0.367999970913
0.367999970913
0.367999970913
0.370000004768
0.370000004768
0.370000004768
0.370000004768
0.370000004768
0.370000004768
0.370000004768
0.370000004768
0.370000004768
0.370000004768
0.370000004768
0.370000004768
0.370000004768
0.370000004768
0.371999979019
0.371999979019
0.371999979019
0.371999979019
0.371999979019
0.371999979019
0.371999979019
0.371999979019
0.371999979019
0.371999979019
0.374000012875
0.374000012875
0.374000012875
0.374000012875
0.374000012875
0.374000012875
0.374000012875
0.374000012875
0.374000012875
0.374000012875
0.374000012875
0.374000012875
0.374000012875
0.374000012875
0.374000012875
0.375999987125
0.375999987125
0.375999987125
0.375999987125
0.375999987125
0.375999987125
0.375999987125
0.378000020981
0.378000020981
0.378000020981
0.378000020981
0.378000020981
0.378000020981
0.378000020981
0.379999995232
0.379999995232
0.379999995232
0.379999995232
0.379999995232
0.379999995232
0.379999995232
0.382000029087
0.382000029087
0.382000029087
0.382000029087
0.382000029087
0.382000029087
0.382000029087
0.382000029087
0.384000003338
0.384000003338
0.384000003338
0.384000003338
0.385999977589
0.385999977589
0.385999977589
0.385999977589
0.385999977589
0.385999977589
0.388000011444
0.388000011444
0.388000011444
0.388000011444
0.388000011444
0.388000011444
0.388000011444
0.389999985695
0.389999985695
0.389999985695
0.389999985695
0.389999985695
0.389999985695
0.39200001955
0.39200001955
0.39200001955
0.39200001955
0.39200001955
0.39200001955
0.39200001955
0.39200001955
0.393999993801
0.393999993801
0.393999993801
0.393999993801
0.393999993801
0.393999993801
0.393999993801
0.396000027657
0.396000027657
0.396000027657
0.396000027657
0.396000027657
0.398000001907
0.398000001907
0.398000001907
0.398000001907
0.399999976158
0.399999976158
0.399999976158
0.399999976158
0.399999976158
0.399999976158
0.399999976158
0.399999976158
0.402000010014
0.402000010014
0.402000010014
0.402000010014
0.402000010014
0.402000010014
0.402000010014
0.403999984264
0.403999984264
0.40600001812
0.40600001812
0.407999992371
0.407999992371
0.407999992371
0.410000026226
0.410000026226
0.410000026226
0.410000026226
0.412000000477
0.412000000477
0.412000000477
0.412000000477
0.413999974728
0.413999974728
0.413999974728
0.416000008583
0.416000008583
0.416000008583
0.416000008583
0.417999982834
0.417999982834
0.417999982834
0.417999982834
0.417999982834
0.420000016689
0.425999999046
0.425999999046
0.425999999046
0.427999973297
0.430000007153
0.431999981403
0.43599998951
0.43599998951
0.438000023365
0.439999997616
0.444000005722
0.444000005722
0.444000005722
0.444000005722
0.444000005722
0.444000005722
0.448000013828
0.449999988079
0.449999988079
0.452000021935
0.453999996185
0.453999996185
0.455999970436
0.455999970436
0.458000004292
0.458000004292
0.458000004292
0.462000012398
0.462000012398
0.462000012398
0.463999986649
0.466000020504
0.466000020504
0.473999977112
0.477999985218
0.480000019073
0.48400002718
0.486000001431
0.487999975681
0.487999975681
0.490000009537
0.50799998641
0.520000010729
0.532000005245
0.553999990225
0.560000002384
0.576000005007
0.57800000906
0.57800000906
0.592000007629
0.696000009775
0.775999993086
0.791999995708
0.797999992967
0.805999994278
0.846000000834
0.854000002146
0.857999995351
0.870000004768
0.873999997973
0.88599999994
0.909999996424
0.93599999696
