0.290000021458
0.294000029564
0.296000003815
0.297999978065
0.300000011921
0.300000011921
0.300000011921
0.301999986172
0.301999986172
0.301999986172
0.301999986172
0.301999986172
0.304000020027
0.304000020027
0.304000020027
0.304000020027
0.304000020027
0.305999994278
0.305999994278
0.308000028133
0.308000028133
0.310000002384
0.310000002384
0.310000002384
0.310000002384
0.310000002384
0.310000002384
0.310000002384
0.310000002384
0.311999976635
0.311999976635
0.311999976635
0.311999976635
0.311999976635
0.311999976635
0.311999976635
0.311999976635
0.311999976635
0.311999976635
0.311999976635
0.311999976635
0.31400001049
0.31400001049
0.31400001049
0.31400001049
0.31400001049
0.31400001049
0.31400001049
0.31400001049
0.31400001049
0.31400001049
0.31400001049
0.31400001049
0.31400001049
0.315999984741
0.315999984741
0.315999984741
0.315999984741
0.315999984741
0.315999984741
0.315999984741
0.315999984741
0.315999984741
0.315999984741
0.315999984741
0.315999984741
0.315999984741
0.315999984741
0.315999984741
0.315999984741
0.318000018597
0.318000018597
0.318000018597
0.318000018597
0.318000018597
0.318000018597
0.318000018597
0.318000018597
0.318000018597
0.318000018597
0.318000018597
0.318000018597
0.318000018597
0.318000018597
0.318000018597
0.318000018597
0.318000018597
0.318000018597
0.319999992847
0.319999992847
0.319999992847
0.319999992847
0.319999992847
0.319999992847
0.319999992847
0.319999992847
0.319999992847
0.319999992847
0.319999992847
0.319999992847
0.319999992847
0.319999992847
0.319999992847
0.319999992847
0.319999992847
0.319999992847
0.319999992847
0.322000026703
0.322000026703
0.322000026703
0.322000026703
0.322000026703
0.322000026703
0.322000026703
0.322000026703
0.322000026703
0.322000026703
0.322000026703
0.322000026703
0.322000026703
0.322000026703
0.322000026703
0.322000026703
0.322000026703
0.322000026703
0.322000026703
0.324000000954
0.324000000954
0.324000000954
0.324000000954
0.324000000954
0.324000000954
0.324000000954
0.324000000954
0.324000000954
0.324000000954
0.324000000954
0.324000000954
0.324000000954
0.324000000954
0.324000000954
0.324000000954
0.324000000954
0.324000000954
0.324000000954
0.324000000954
0.324000000954
0.324000000954
0.324000000954
0.324000000954
0.324000000954
0.324000000954
0.325999975204
0.325999975204
0.325999975204
0.325999975204
0.325999975204
0.325999975204
0.325999975204
0.325999975204
0.325999975204
0.325999975204
0.325999975204
0.325999975204
0.325999975204
0.325999975204
0.325999975204
0.325999975204
0.325999975204
0.325999975204
0.325999975204
0.325999975204
0.325999975204
0.325999975204
0.325999975204
0.32800000906
0.32800000906
0.32800000906
0.32800000906
0.32800000906
0.32800000906
0.32800000906
0.32800000906
0.32800000906
0.32800000906
0.32800000906
0.32800000906
0.32800000906
0.32800000906
0.32800000906
0.32800000906
0.32800000906
0.32800000906
0.32800000906
0.32800000906
0.32800000906
0.329999983311
0.329999983311
0.329999983311
0.329999983311
0.329999983311
0.329999983311
0.329999983311
0.329999983311
0.329999983311
0.329999983311
0.329999983311
0.329999983311
0.329999983311
0.329999983311
0.329999983311
0.329999983311
0.329999983311
0.329999983311
0.329999983311
0.329999983311
0.329999983311
0.329999983311
0.329999983311
0.329999983311
0.329999983311
0.329999983311
0.329999983311
0.329999983311
0.329999983311
0.329999983311
0.329999983311
0.329999983311
0.329999983311
0.329999983311
0.329999983311
0.329999983311
0.332000017166
0.332000017166
0.332000017166
0.332000017166
0.332000017166
0.332000017166
0.332000017166
0.332000017166
0.332000017166
0.332000017166
0.332000017166
0.332000017166
0.332000017166
0.332000017166
0.332000017166
0.332000017166
0.332000017166
0.332000017166
0.332000017166
0.332000017166
0.332000017166
0.332000017166
0.332000017166
0.332000017166
0.332000017166
0.332000017166
0.332000017166
0.333999991417
0.333999991417
0.333999991417
0.333999991417
0.333999991417
0.333999991417
0.333999991417
0.333999991417
0.333999991417
0.333999991417
0.333999991417
0.333999991417
0.333999991417
0.333999991417
0.333999991417
0.333999991417
0.333999991417
0.333999991417
0.333999991417
0.336000025272
0.336000025272
0.336000025272
0.336000025272
0.336000025272
0.336000025272
0.336000025272
0.336000025272
0.336000025272
0.336000025272
0.336000025272
0.336000025272
0.336000025272
0.336000025272
0.336000025272
0.336000025272
0.336000025272
0.336000025272
0.336000025272
0.336000025272
0.336000025272
0.336000025272
0.336000025272
0.336000025272
0.336000025272
0.336000025272
0.337999999523
0.337999999523
0.337999999523
0.337999999523
0.337999999523
0.337999999523
0.337999999523
0.337999999523
0.337999999523
0.337999999523
0.337999999523
0.337999999523
0.337999999523
0.337999999523
0.337999999523
0.337999999523
0.337999999523
0.337999999523
0.337999999523
0.337999999523
0.337999999523
0.337999999523
0.337999999523
0.337999999523
0.337999999523
0.337999999523
0.337999999523
0.337999999523
0.337999999523
0.337999999523
0.337999999523
0.337999999523
0.337999999523
0.337999999523
0.337999999523
0.337999999523
0.337999999523
0.337999999523
0.337999999523
0.339999973774
0.339999973774
0.339999973774
0.339999973774
0.339999973774
0.339999973774
0.339999973774
0.339999973774
0.339999973774
0.339999973774
0.339999973774
0.339999973774
0.339999973774
0.339999973774
0.339999973774
0.339999973774
0.339999973774
0.339999973774
0.339999973774
0.339999973774
0.339999973774
0.339999973774
0.339999973774
0.339999973774
0.339999973774
0.339999973774
0.339999973774
0.339999973774
0.339999973774
0.339999973774
0.339999973774
0.339999973774
0.339999973774
0.339999973774
0.339999973774
0.339999973774
0.339999973774
0.342000007629
0.342000007629
0.342000007629
0.342000007629
0.342000007629
0.342000007629
0.342000007629
0.342000007629
0.342000007629
0.342000007629
0.342000007629
0.342000007629
0.342000007629
0.342000007629
0.342000007629
0.342000007629
0.342000007629
0.342000007629
0.342000007629
0.342000007629
0.342000007629
0.342000007629
0.342000007629
0.342000007629
0.342000007629
0.342000007629
0.342000007629
0.342000007629
0.342000007629
0.342000007629
0.342000007629
0.342000007629
0.342000007629
0.342000007629
0.342000007629
0.34399998188
0.34399998188
0.34399998188
0.34399998188
0.34399998188
0.34399998188
0.34399998188
0.34399998188
0.34399998188
0.34399998188
0.34399998188
0.34399998188
0.34399998188
0.34399998188
0.34399998188
0.34399998188
0.34399998188
0.34399998188
0.34399998188
0.34399998188
0.34399998188
0.34399998188
0.346000015736
0.346000015736
0.346000015736
0.346000015736
0.346000015736
0.346000015736
0.346000015736
0.346000015736
0.346000015736
0.346000015736
0.346000015736
0.346000015736
0.346000015736
0.346000015736
0.346000015736
0.346000015736
0.346000015736
0.346000015736
0.346000015736
0.346000015736
0.346000015736
0.346000015736
0.346000015736
0.346000015736
0.346000015736
0.346000015736
0.347999989986
0.347999989986
0.347999989986
0.347999989986
0.347999989986
0.347999989986
0.347999989986
0.347999989986
0.347999989986
0.347999989986
0.347999989986
0.347999989986
0.347999989986
0.347999989986
0.347999989986
0.347999989986
0.347999989986
0.347999989986
0.347999989986
0.347999989986
0.347999989986
0.347999989986
0.347999989986
0.347999989986
0.347999989986
0.347999989986
0.347999989986
0.347999989986
0.347999989986
0.347999989986
0.347999989986
0.347999989986
0.347999989986
0.347999989986
0.347999989986
0.347999989986
0.347999989986
0.347999989986
0.347999989986
0.347999989986
0.347999989986
0.347999989986
0.347999989986
0.347999989986
0.347999989986
0.347999989986
0.350000023842
0.350000023842
0.350000023842
0.350000023842
0.350000023842
0.350000023842
0.350000023842
0.350000023842
0.350000023842
0.350000023842
0.350000023842
0.350000023842
0.350000023842
0.350000023842
0.350000023842
0.350000023842
0.350000023842
0.350000023842
0.350000023842
0.350000023842
0.350000023842
0.350000023842
0.350000023842
0.350000023842
0.350000023842
0.350000023842
0.350000023842
0.350000023842
0.350000023842
0.350000023842
0.350000023842
0.350000023842
0.351999998093
0.351999998093
0.351999998093
0.351999998093
0.351999998093
0.351999998093
0.351999998093
0.351999998093
0.351999998093
0.351999998093
0.351999998093
0.351999998093
0.351999998093
0.351999998093
0.351999998093
0.351999998093
0.351999998093
0.351999998093
0.351999998093
0.351999998093
0.351999998093
0.351999998093
0.351999998093
0.351999998093
0.351999998093
0.351999998093
0.351999998093
0.351999998093
0.351999998093
0.351999998093
0.351999998093
0.351999998093
0.351999998093
0.353999972343
0.353999972343
0.353999972343
0.353999972343
0.353999972343
0.353999972343
0.353999972343
0.353999972343
0.353999972343
0.353999972343
0.353999972343
0.353999972343
0.353999972343
0.353999972343
0.353999972343
0.353999972343
0.353999972343
0.353999972343
0.353999972343
0.353999972343
0.353999972343
0.353999972343
0.353999972343
0.353999972343
0.353999972343
0.353999972343
0.353999972343
0.353999972343
0.353999972343
0.353999972343
0.353999972343
0.353999972343
0.353999972343
0.356000006199
0.356000006199
0.356000006199
0.356000006199
0.356000006199
0.356000006199
0.356000006199
0.356000006199
0.356000006199
0.356000006199
0.356000006199
0.356000006199
0.356000006199
0.356000006199
0.356000006199
0.356000006199
0.356000006199
0.356000006199
0.356000006199
0.356000006199
0.356000006199
0.356000006199
0.35799998045
0.35799998045
0.35799998045
0.35799998045
0.35799998045
0.35799998045
0.35799998045
0.35799998045
0.35799998045
0.35799998045
0.35799998045
0.35799998045
0.35799998045
0.35799998045
0.35799998045
0.35799998045
0.35799998045
0.35799998045
0.35799998045
0.35799998045
0.35799998045
0.35799998045
0.35799998045
0.35799998045
0.35799998045
0.35799998045
0.35799998045
0.35799998045
0.360000014305
0.360000014305
0.360000014305
0.360000014305
0.360000014305
0.360000014305
0.360000014305
0.360000014305
0.360000014305
0.360000014305
0.360000014305
0.360000014305
0.360000014305
0.360000014305
0.360000014305
0.360000014305
0.360000014305
0.360000014305
0.360000014305
0.360000014305
0.360000014305
0.360000014305
0.360000014305
0.360000014305
0.361999988556
0.361999988556
0.361999988556
0.361999988556
0.361999988556
0.361999988556
0.361999988556
0.361999988556
0.361999988556
0.361999988556
0.361999988556
0.361999988556
0.361999988556
0.361999988556
0.361999988556
0.361999988556
0.361999988556
0.361999988556
0.361999988556
0.361999988556
0.361999988556
0.361999988556
0.361999988556
0.361999988556
0.361999988556
0.361999988556
0.361999988556
0.364000022411
0.364000022411
0.364000022411
0.364000022411
0.364000022411
0.364000022411
0.364000022411
0.364000022411
0.364000022411
0.364000022411
0.364000022411
0.364000022411
0.364000022411
0.364000022411
0.364000022411
0.364000022411
0.364000022411
0.364000022411
0.364000022411
0.364000022411
0.364000022411
0.365999996662
0.365999996662
0.365999996662
0.365999996662
0.365999996662
0.365999996662
0.365999996662
0.365999996662
0.365999996662
0.365999996662
0.365999996662
0.365999996662
0.365999996662
0.365999996662
0.365999996662
0.365999996662
0.365999996662
0.365999996662
0.367999970913
0.367999970913
0.367999970913
0.367999970913
0.367999970913
0.367999970913
0.367999970913
0.367999970913
0.367999970913
0.367999970913
0.367999970913
0.367999970913
0.367999970913
0.367999970913
0.367999970913
0.367999970913
0.367999970913
0.367999970913
0.367999970913
0.367999970913
0.367999970913
0.367999970913
0.370000004768
0.370000004768
0.370000004768
0.370000004768
0.370000004768
0.370000004768
0.370000004768
0.370000004768
0.370000004768
0.370000004768
0.370000004768
0.370000004768
0.370000004768
0.370000004768
0.370000004768
0.370000004768
0.370000004768
0.370000004768
0.370000004768
0.370000004768
0.370000004768
0.370000004768
0.370000004768
0.370000004768
0.370000004768
0.370000004768
0.371999979019
0.371999979019
0.371999979019
0.371999979019
0.371999979019
0.371999979019
0.371999979019
0.371999979019
0.371999979019
0.371999979019
0.371999979019
0.371999979019
0.371999979019
0.371999979019
0.371999979019
0.371999979019
0.371999979019
0.371999979019
0.371999979019
0.371999979019
0.371999979019
0.371999979019
0.371999979019
0.374000012875
0.374000012875
0.374000012875
0.374000012875
0.374000012875
0.374000012875
0.375999987125
0.375999987125
0.375999987125
0.375999987125
0.375999987125
0.375999987125
0.375999987125
0.375999987125
0.375999987125
0.375999987125
0.375999987125
0.375999987125
0.375999987125
0.378000020981
0.378000020981
0.378000020981
0.378000020981
0.378000020981
0.378000020981
0.378000020981
0.378000020981
0.378000020981
0.378000020981
0.378000020981
0.378000020981
0.378000020981
0.378000020981
0.378000020981
0.379999995232
0.379999995232
0.379999995232
0.379999995232
0.379999995232
0.379999995232
0.379999995232
0.379999995232
0.379999995232
0.379999995232
0.379999995232
0.382000029087
0.382000029087
0.382000029087
0.382000029087
0.382000029087
0.382000029087
0.382000029087
0.382000029087
0.382000029087
0.384000003338
0.384000003338
0.384000003338
0.384000003338
0.384000003338
0.384000003338
0.384000003338
0.384000003338
0.384000003338
0.384000003338
0.384000003338
0.384000003338
0.385999977589
0.385999977589
0.385999977589
0.385999977589
0.385999977589
0.385999977589
0.385999977589
0.385999977589
0.385999977589
0.385999977589
0.385999977589
0.385999977589
0.385999977589
0.385999977589
0.388000011444
0.388000011444
0.388000011444
0.388000011444
0.388000011444
0.388000011444
0.388000011444
0.388000011444
0.388000011444
0.388000011444
0.388000011444
0.389999985695
0.389999985695
0.389999985695
0.389999985695
0.389999985695
0.389999985695
0.389999985695
0.389999985695
0.389999985695
0.389999985695
0.389999985695
0.39200001955
0.39200001955
0.39200001955
0.39200001955
0.39200001955
0.39200001955
0.39200001955
0.393999993801
0.393999993801
0.393999993801
0.396000027657
0.396000027657
0.396000027657
0.398000001907
0.398000001907
0.398000001907
0.398000001907
0.398000001907
0.398000001907
0.398000001907
0.398000001907
0.399999976158
0.399999976158
0.399999976158
0.399999976158
0.399999976158
0.399999976158
0.399999976158
0.402000010014
0.402000010014
0.402000010014
0.403999984264
0.403999984264
0.403999984264
0.403999984264
0.40600001812
0.40600001812
0.407999992371
0.407999992371
0.407999992371
0.407999992371
0.407999992371
0.410000026226
0.412000000477
0.413999974728
0.413999974728
0.413999974728
0.416000008583
0.416000008583
0.416000008583
0.416000008583
0.417999982834
0.417999982834
0.417999982834
0.42199999094
0.42199999094
0.424000024796
0.424000024796
0.430000007153
0.430000007153
0.431999981403
0.438000023365
0.441999971867
0.444000005722
0.444000005722
0.445999979973
0.449999988079
0.452000021935
0.453999996185
0.459999978542
0.462000012398
0.476000010967
0.480000019073
0.518000006676
0.543999999762
0.608000010252
0.620000004768
0.620000004768
0.683999985456
0.743999987841
