0.491999983788
0.494000017643
0.495999991894
0.506000012159
0.506000012159
0.506000012159
0.50799998641
0.50799998641
0.511999994516
0.511999994516
0.513999998569
0.513999998569
0.513999998569
0.516000002623
0.516000002623
0.516000002623
0.518000006676
0.518000006676
0.520000010729
0.520000010729
0.520000010729
0.522000014782
0.522000014782
0.522000014782
0.522000014782
0.523999989033
0.523999989033
0.523999989033
0.523999989033
0.523999989033
0.523999989033
0.525999993086
0.525999993086
0.525999993086
0.525999993086
0.525999993086
0.525999993086
0.525999993086
0.527999997139
0.527999997139
0.527999997139
0.527999997139
0.527999997139
0.527999997139
0.530000001192
0.530000001192
0.530000001192
0.530000001192
0.530000001192
0.532000005245
0.532000005245
0.532000005245
0.532000005245
0.532000005245
0.532000005245
0.532000005245
0.532000005245
0.534000009298
0.534000009298
0.534000009298
0.534000009298
0.536000013351
0.536000013351
0.536000013351
0.536000013351
0.536000013351
0.536000013351
0.537999987602
0.537999987602
0.537999987602
0.537999987602
0.537999987602
0.537999987602
0.537999987602
0.539999991655
0.539999991655
0.539999991655
0.539999991655
0.539999991655
0.539999991655
0.539999991655
0.539999991655
0.539999991655
0.541999995708
0.541999995708
0.541999995708
0.541999995708
0.541999995708
0.541999995708
0.543999999762
0.543999999762
0.543999999762
0.543999999762
0.543999999762
0.543999999762
0.543999999762
0.543999999762
0.543999999762
0.543999999762
0.543999999762
0.546000003815
0.546000003815
0.546000003815
0.546000003815
0.546000003815
0.546000003815
0.546000003815
0.546000003815
0.546000003815
0.546000003815
0.546000003815
0.546000003815
0.546000003815
0.546000003815
0.546000003815
0.546000003815
0.546000003815
0.546000003815
0.546000003815
0.546000003815
0.548000007868
0.548000007868
0.548000007868
0.548000007868
0.548000007868
0.548000007868
0.548000007868
0.548000007868
0.548000007868
0.548000007868
0.548000007868
0.548000007868
0.548000007868
0.548000007868
0.550000011921
0.550000011921
0.550000011921
0.550000011921
0.550000011921
0.550000011921
0.550000011921
0.550000011921
0.550000011921
0.550000011921
0.550000011921
0.550000011921
0.550000011921
0.550000011921
0.550000011921
0.550000011921
0.550000011921
0.550000011921
0.550000011921
0.550000011921
0.550000011921
0.550000011921
0.550000011921
0.550000011921
0.551999986172
0.551999986172
0.551999986172
0.551999986172
0.551999986172
0.551999986172
0.551999986172
0.551999986172
0.551999986172
0.551999986172
0.551999986172
0.551999986172
0.551999986172
0.551999986172
0.551999986172
0.551999986172
0.551999986172
0.551999986172
0.553999990225
0.553999990225
0.553999990225
0.553999990225
0.553999990225
0.553999990225
0.553999990225
0.553999990225
0.553999990225
0.553999990225
0.553999990225
0.553999990225
0.553999990225
0.553999990225
0.553999990225
0.553999990225
0.553999990225
0.553999990225
0.555999994278
0.555999994278
0.555999994278
0.555999994278
0.555999994278
0.555999994278
0.555999994278
0.555999994278
0.555999994278
0.555999994278
0.555999994278
0.555999994278
0.555999994278
0.555999994278
0.555999994278
0.555999994278
0.555999994278
0.555999994278
0.555999994278
0.555999994278
0.555999994278
0.555999994278
0.555999994278
0.555999994278
0.555999994278
0.557999998331
0.557999998331
0.557999998331
0.557999998331
0.557999998331
0.557999998331
0.557999998331
0.557999998331
0.557999998331
0.557999998331
0.557999998331
0.557999998331
0.557999998331
0.557999998331
0.557999998331
0.557999998331
0.557999998331
0.557999998331
0.557999998331
0.560000002384
0.560000002384
0.560000002384
0.560000002384
0.560000002384
0.560000002384
0.560000002384
0.560000002384
0.560000002384
0.560000002384
0.560000002384
0.560000002384
0.560000002384
0.560000002384
0.560000002384
0.560000002384
0.560000002384
0.560000002384
0.560000002384
0.560000002384
0.560000002384
0.560000002384
0.560000002384
0.560000002384
0.560000002384
0.560000002384
0.560000002384
0.560000002384
0.562000006437
0.562000006437
0.562000006437
0.562000006437
0.562000006437
0.562000006437
0.562000006437
0.562000006437
0.562000006437
0.562000006437
0.562000006437
0.562000006437
0.562000006437
0.562000006437
0.562000006437
0.562000006437
0.562000006437
0.562000006437
0.562000006437
0.562000006437
0.562000006437
0.562000006437
0.562000006437
0.562000006437
0.562000006437
0.562000006437
0.562000006437
0.562000006437
0.56400001049
0.56400001049
0.56400001049
0.56400001049
0.56400001049
0.56400001049
0.56400001049
0.56400001049
0.56400001049
0.56400001049
0.56400001049
0.56400001049
0.56400001049
0.56400001049
0.56400001049
0.56400001049
0.56400001049
0.56400001049
0.56400001049
0.56400001049
0.56400001049
0.56400001049
0.56400001049
0.56400001049
0.56400001049
0.56400001049
0.56400001049
0.56400001049
0.56400001049
0.566000014544
0.566000014544
0.566000014544
0.566000014544
0.566000014544
0.566000014544
0.566000014544
0.566000014544
0.566000014544
0.566000014544
0.566000014544
0.566000014544
0.566000014544
0.566000014544
0.566000014544
0.566000014544
0.566000014544
0.566000014544
0.566000014544
0.566000014544
0.566000014544
0.566000014544
0.566000014544
0.566000014544
0.566000014544
0.566000014544
0.566000014544
0.566000014544
0.566000014544
0.566000014544
0.566000014544
0.566000014544
0.566000014544
0.567999988794
0.567999988794
0.567999988794
0.567999988794
0.567999988794
0.567999988794
0.567999988794
0.567999988794
0.567999988794
0.567999988794
0.567999988794
0.567999988794
0.567999988794
0.567999988794
0.567999988794
0.567999988794
0.567999988794
0.567999988794
0.567999988794
0.567999988794
0.567999988794
0.567999988794
0.567999988794
0.567999988794
0.567999988794
0.567999988794
0.567999988794
0.567999988794
0.567999988794
0.567999988794
0.567999988794
0.567999988794
0.567999988794
0.567999988794
0.567999988794
0.567999988794
0.569999992847
0.569999992847
0.569999992847
0.569999992847
0.569999992847
0.569999992847
0.569999992847
0.569999992847
0.569999992847
0.569999992847
0.569999992847
0.569999992847
0.569999992847
0.569999992847
0.569999992847
0.569999992847
0.569999992847
0.569999992847
0.569999992847
0.569999992847
0.569999992847
0.569999992847
0.569999992847
0.569999992847
0.569999992847
0.569999992847
0.569999992847
0.569999992847
0.569999992847
0.569999992847
0.569999992847
0.569999992847
0.569999992847
0.569999992847
0.571999996901
0.571999996901
0.571999996901
0.571999996901
0.571999996901
0.571999996901
0.571999996901
0.571999996901
0.571999996901
0.571999996901
0.571999996901
0.571999996901
0.571999996901
0.571999996901
0.571999996901
0.571999996901
0.571999996901
0.571999996901
0.571999996901
0.574000000954
0.574000000954
0.574000000954
0.574000000954
0.574000000954
0.574000000954
0.574000000954
0.574000000954
0.574000000954
0.574000000954
0.574000000954
0.574000000954
0.574000000954
0.574000000954
0.574000000954
0.574000000954
0.574000000954
0.574000000954
0.574000000954
0.574000000954
0.574000000954
0.574000000954
0.574000000954
0.574000000954
0.574000000954
0.576000005007
0.576000005007
0.576000005007
0.576000005007
0.576000005007
0.576000005007
0.576000005007
0.576000005007
0.576000005007
0.576000005007
0.576000005007
0.576000005007
0.576000005007
0.576000005007
0.576000005007
0.576000005007
0.576000005007
0.576000005007
0.576000005007
0.576000005007
0.576000005007
0.576000005007
0.576000005007
0.576000005007
0.576000005007
0.576000005007
0.576000005007
0.576000005007
0.57800000906
0.57800000906
0.57800000906
0.57800000906
0.57800000906
0.57800000906
0.57800000906
0.57800000906
0.57800000906
0.57800000906
0.57800000906
0.57800000906
0.57800000906
0.57800000906
0.57800000906
0.57800000906
0.57800000906
0.57800000906
0.57800000906
0.57800000906
0.57800000906
0.57800000906
0.57800000906
0.57800000906
0.57800000906
0.57800000906
0.57800000906
0.57800000906
0.57800000906
0.57800000906
0.57800000906
0.57800000906
0.57800000906
0.580000013113
0.580000013113
0.580000013113
0.580000013113
0.580000013113
0.580000013113
0.580000013113
0.580000013113
0.580000013113
0.580000013113
0.580000013113
0.580000013113
0.580000013113
0.580000013113
0.580000013113
0.580000013113
0.580000013113
0.580000013113
0.580000013113
0.580000013113
0.580000013113
0.580000013113
0.580000013113
0.580000013113
0.580000013113
0.580000013113
0.580000013113
0.580000013113
0.580000013113
0.580000013113
0.580000013113
0.580000013113
0.580000013113
0.581999987364
0.581999987364
0.581999987364
0.581999987364
0.581999987364
0.581999987364
0.581999987364
0.581999987364
0.581999987364
0.581999987364
0.581999987364
0.581999987364
0.581999987364
0.581999987364
0.581999987364
0.581999987364
0.581999987364
0.581999987364
0.581999987364
0.581999987364
0.581999987364
0.581999987364
0.581999987364
0.581999987364
0.581999987364
0.583999991417
0.583999991417
0.583999991417
0.583999991417
0.583999991417
0.583999991417
0.583999991417
0.583999991417
0.583999991417
0.583999991417
0.583999991417
0.583999991417
0.583999991417
0.583999991417
0.583999991417
0.583999991417
0.583999991417
0.583999991417
0.583999991417
0.583999991417
0.583999991417
0.583999991417
0.583999991417
0.583999991417
0.583999991417
0.583999991417
0.583999991417
0.58599999547
0.58599999547
0.58599999547
0.58599999547
0.58599999547
0.58599999547
0.58599999547
0.58599999547
0.58599999547
0.58599999547
0.58599999547
0.58599999547
0.58599999547
0.58599999547
0.58599999547
0.58599999547
0.58599999547
0.58599999547
0.58599999547
0.58599999547
0.58599999547
0.58599999547
0.58599999547
0.58599999547
0.58599999547
0.58599999547
0.58599999547
0.58599999547
0.58599999547
0.58599999547
0.58599999547
0.587999999523
0.587999999523
0.587999999523
0.587999999523
0.587999999523
0.587999999523
0.587999999523
0.587999999523
0.587999999523
0.587999999523
0.587999999523
0.587999999523
0.587999999523
0.587999999523
0.587999999523
0.587999999523
0.587999999523
0.587999999523
0.587999999523
0.587999999523
0.587999999523
0.587999999523
0.587999999523
0.587999999523
0.587999999523
0.587999999523
0.587999999523
0.590000003576
0.590000003576
0.590000003576
0.590000003576
0.590000003576
0.590000003576
0.590000003576
0.590000003576
0.590000003576
0.590000003576
0.590000003576
0.590000003576
0.590000003576
0.590000003576
0.590000003576
0.590000003576
0.590000003576
0.590000003576
0.590000003576
0.590000003576
0.590000003576
0.590000003576
0.590000003576
0.590000003576
0.590000003576
0.592000007629
0.592000007629
0.592000007629
0.592000007629
0.592000007629
0.592000007629
0.592000007629
0.592000007629
0.592000007629
0.592000007629
0.592000007629
0.592000007629
0.592000007629
0.592000007629
0.592000007629
0.592000007629
0.592000007629
0.594000011683
0.594000011683
0.594000011683
0.594000011683
0.594000011683
0.594000011683
0.594000011683
0.594000011683
0.594000011683
0.594000011683
0.594000011683
0.594000011683
0.594000011683
0.594000011683
0.594000011683
0.594000011683
0.594000011683
0.594000011683
0.594000011683
0.594000011683
0.595999985933
0.595999985933
0.595999985933
0.595999985933
0.595999985933
0.595999985933
0.595999985933
0.595999985933
0.595999985933
0.595999985933
0.595999985933
0.595999985933
0.595999985933
0.595999985933
0.595999985933
0.597999989986
0.597999989986
0.597999989986
0.597999989986
0.597999989986
0.597999989986
0.597999989986
0.597999989986
0.597999989986
0.597999989986
0.597999989986
0.597999989986
0.597999989986
0.597999989986
0.597999989986
0.597999989986
0.597999989986
0.597999989986
0.597999989986
0.597999989986
0.597999989986
0.597999989986
0.597999989986
0.597999989986
0.597999989986
0.597999989986
0.597999989986
0.597999989986
0.597999989986
0.597999989986
0.597999989986
0.597999989986
0.597999989986
0.59999999404
0.59999999404
0.59999999404
0.59999999404
0.59999999404
0.59999999404
0.59999999404
0.59999999404
0.59999999404
0.59999999404
0.59999999404
0.59999999404
0.601999998093
0.601999998093
0.601999998093
0.601999998093
0.601999998093
0.601999998093
0.601999998093
0.601999998093
0.601999998093
0.601999998093
0.604000002146
0.604000002146
0.604000002146
0.604000002146
0.604000002146
0.604000002146
0.604000002146
0.604000002146
0.604000002146
0.604000002146
0.604000002146
0.606000006199
0.606000006199
0.606000006199
0.606000006199
0.606000006199
0.606000006199
0.606000006199
0.606000006199
0.606000006199
0.606000006199
0.606000006199
0.608000010252
0.608000010252
0.608000010252
0.608000010252
0.608000010252
0.608000010252
0.608000010252
0.608000010252
0.608000010252
0.608000010252
0.608000010252
0.608000010252
0.610000014305
0.610000014305
0.610000014305
0.610000014305
0.610000014305
0.610000014305
0.610000014305
0.610000014305
0.610000014305
0.610000014305
0.610000014305
0.611999988556
0.611999988556
0.611999988556
0.611999988556
0.611999988556
0.611999988556
0.611999988556
0.611999988556
0.611999988556
0.611999988556
0.611999988556
0.613999992609
0.613999992609
0.613999992609
0.613999992609
0.613999992609
0.613999992609
0.613999992609
0.613999992609
0.613999992609
0.613999992609
0.613999992609
0.613999992609
0.613999992609
0.613999992609
0.615999996662
0.615999996662
0.615999996662
0.615999996662
0.615999996662
0.615999996662
0.615999996662
0.618000000715
0.618000000715
0.618000000715
0.618000000715
0.618000000715
0.618000000715
0.620000004768
0.620000004768
0.620000004768
0.620000004768
0.620000004768
0.620000004768
0.622000008821
0.622000008821
0.622000008821
0.622000008821
0.622000008821
0.622000008821
0.622000008821
0.624000012875
0.624000012875
0.624000012875
0.625999987125
0.625999987125
0.625999987125
0.625999987125
0.627999991179
0.627999991179
0.627999991179
0.627999991179
0.627999991179
0.627999991179
0.629999995232
0.629999995232
0.629999995232
0.629999995232
0.629999995232
0.631999999285
0.631999999285
0.631999999285
0.631999999285
0.634000003338
0.634000003338
0.636000007391
0.636000007391
0.636000007391
0.636000007391
0.638000011444
0.641999989748
0.641999989748
0.641999989748
0.641999989748
0.643999993801
0.643999993801
0.645999997854
0.645999997854
0.645999997854
0.648000001907
0.648000001907
0.648000001907
0.648000001907
0.65000000596
0.65000000596
0.652000010014
0.652000010014
0.652000010014
0.654000014067
0.654000014067
0.655999988317
0.657999992371
0.659999996424
0.662000000477
0.662000000477
0.66400000453
0.66400000453
0.666000008583
0.668000012636
0.668000012636
0.67199999094
0.67199999094
0.67199999094
0.678000003099
0.682000011206
0.683999985456
0.683999985456
0.687999993563
0.687999993563
0.687999993563
0.689999997616
0.689999997616
0.694000005722
0.696000009775
0.698000013828
0.698000013828
0.699999988079
0.703999996185
0.706000000238
0.708000004292
0.712000012398
0.715999990702
0.717999994755
0.726000010967
0.726000010967
0.727999985218
0.729999989271
0.731999993324
0.736000001431
0.745999991894
0.745999991894
0.747999995947
0.758000001311
0.758000001311
0.761999994516
0.766000002623
0.769999995828
0.777999997139
0.824000000954
