0.177999973297
0.18599998951
0.191999971867
0.194000005722
0.195999979973
0.195999979973
0.195999979973
0.198000013828
0.198000013828
0.198000013828
0.198000013828
0.199999988079
0.199999988079
0.199999988079
0.202000021935
0.202000021935
0.202000021935
0.203999996185
0.203999996185
0.203999996185
0.203999996185
0.203999996185
0.203999996185
0.205999970436
0.205999970436
0.205999970436
0.205999970436
0.205999970436
0.205999970436
0.205999970436
0.208000004292
0.208000004292
0.208000004292
0.208000004292
0.209999978542
0.209999978542
0.209999978542
0.209999978542
0.209999978542
0.209999978542
0.209999978542
0.209999978542
0.212000012398
0.212000012398
0.212000012398
0.212000012398
0.212000012398
0.212000012398
0.213999986649
0.213999986649
0.213999986649
0.213999986649
0.213999986649
0.213999986649
0.213999986649
0.213999986649
0.213999986649
0.216000020504
0.216000020504
0.216000020504
0.216000020504
0.216000020504
0.216000020504
0.216000020504
0.216000020504
0.216000020504
0.216000020504
0.217999994755
0.217999994755
0.217999994755
0.217999994755
0.217999994755
0.217999994755
0.217999994755
0.217999994755
0.217999994755
0.217999994755
0.217999994755
0.217999994755
0.22000002861
0.22000002861
0.22000002861
0.22000002861
0.22000002861
0.22000002861
0.22000002861
0.22000002861
0.22000002861
0.22000002861
0.22000002861
0.22000002861
0.22000002861
0.22000002861
0.22000002861
0.222000002861
0.222000002861
0.222000002861
0.222000002861
0.222000002861
0.222000002861
0.222000002861
0.222000002861
0.222000002861
0.222000002861
0.222000002861
0.222000002861
0.222000002861
0.222000002861
0.222000002861
0.222000002861
0.222000002861
0.222000002861
0.222000002861
0.222000002861
0.222000002861
0.222000002861
0.223999977112
0.223999977112
0.223999977112
0.223999977112
0.223999977112
0.223999977112
0.223999977112
0.223999977112
0.223999977112
0.223999977112
0.223999977112
0.223999977112
0.223999977112
0.223999977112
0.223999977112
0.223999977112
0.223999977112
0.223999977112
0.223999977112
0.223999977112
0.223999977112
0.223999977112
0.223999977112
0.223999977112
0.223999977112
0.226000010967
0.226000010967
0.226000010967
0.226000010967
0.226000010967
0.226000010967
0.226000010967
0.226000010967
0.226000010967
0.226000010967
0.226000010967
0.226000010967
0.226000010967
0.226000010967
0.226000010967
0.226000010967
0.226000010967
0.226000010967
0.226000010967
0.226000010967
0.226000010967
0.226000010967
0.227999985218
0.227999985218
0.227999985218
0.227999985218
0.227999985218
0.227999985218
0.227999985218
0.227999985218
0.227999985218
0.227999985218
0.227999985218
0.227999985218
0.227999985218
0.227999985218
0.227999985218
0.227999985218
0.227999985218
0.227999985218
0.227999985218
0.227999985218
0.227999985218
0.230000019073
0.230000019073
0.230000019073
0.230000019073
0.230000019073
0.230000019073
0.230000019073
0.230000019073
0.230000019073
0.230000019073
0.230000019073
0.230000019073
0.230000019073
0.230000019073
0.230000019073
0.230000019073
0.230000019073
0.230000019073
0.230000019073
0.230000019073
0.230000019073
0.230000019073
0.230000019073
0.230000019073
0.230000019073
0.230000019073
0.230000019073
0.230000019073
0.230000019073
0.230000019073
0.230000019073
0.231999993324
0.231999993324
0.231999993324
0.231999993324
0.231999993324
0.231999993324
0.231999993324
0.231999993324
0.231999993324
0.231999993324
0.231999993324
0.231999993324
0.231999993324
0.231999993324
0.231999993324
0.231999993324
0.231999993324
0.231999993324
0.231999993324
0.231999993324
0.231999993324
0.231999993324
0.231999993324
0.231999993324
0.231999993324
0.231999993324
0.23400002718
0.23400002718
0.23400002718
0.23400002718
0.23400002718
0.23400002718
0.23400002718
0.23400002718
0.23400002718
0.23400002718
0.23400002718
0.23400002718
0.23400002718
0.23400002718
0.23400002718
0.23400002718
0.23400002718
0.23400002718
0.23400002718
0.23400002718
0.23400002718
0.23400002718
0.23400002718
0.23400002718
0.23400002718
0.23400002718
0.236000001431
0.236000001431
0.236000001431
0.236000001431
0.236000001431
0.236000001431
0.236000001431
0.236000001431
0.236000001431
0.236000001431
0.236000001431
0.236000001431
0.236000001431
0.236000001431
0.236000001431
0.236000001431
0.236000001431
0.236000001431
0.236000001431
0.236000001431
0.236000001431
0.236000001431
0.236000001431
0.236000001431
0.236000001431
0.236000001431
0.236000001431
0.236000001431
0.236000001431
0.236000001431
0.237999975681
0.237999975681
0.237999975681
0.237999975681
0.237999975681
0.237999975681
0.237999975681
0.237999975681
0.237999975681
0.237999975681
0.237999975681
0.237999975681
0.237999975681
0.237999975681
0.237999975681
0.237999975681
0.237999975681
0.237999975681
0.237999975681
0.237999975681
0.237999975681
0.237999975681
0.237999975681
0.237999975681
0.237999975681
0.237999975681
0.237999975681
0.237999975681
0.237999975681
0.237999975681
0.237999975681
0.237999975681
0.237999975681
0.237999975681
0.237999975681
0.240000009537
0.240000009537
0.240000009537
0.240000009537
0.240000009537
0.240000009537
0.240000009537
0.240000009537
0.240000009537
0.240000009537
0.240000009537
0.240000009537
0.240000009537
0.240000009537
0.240000009537
0.240000009537
0.240000009537
0.240000009537
0.240000009537
0.240000009537
0.240000009537
0.240000009537
0.240000009537
0.240000009537
0.240000009537
0.240000009537
0.240000009537
0.240000009537
0.240000009537
0.240000009537
0.240000009537
0.240000009537
0.241999983788
0.241999983788
0.241999983788
0.241999983788
0.241999983788
0.241999983788
0.241999983788
0.241999983788
0.241999983788
0.241999983788
0.241999983788
0.241999983788
0.241999983788
0.241999983788
0.241999983788
0.241999983788
0.241999983788
0.241999983788
0.241999983788
0.241999983788
0.241999983788
0.241999983788
0.241999983788
0.241999983788
0.241999983788
0.241999983788
0.241999983788
0.241999983788
0.241999983788
0.241999983788
0.241999983788
0.241999983788
0.241999983788
0.241999983788
0.241999983788
0.244000017643
0.244000017643
0.244000017643
0.244000017643
0.244000017643
0.244000017643
0.244000017643
0.244000017643
0.244000017643
0.244000017643
0.244000017643
0.244000017643
0.244000017643
0.244000017643
0.244000017643
0.244000017643
0.244000017643
0.244000017643
0.244000017643
0.244000017643
0.244000017643
0.244000017643
0.244000017643
0.244000017643
0.244000017643
0.244000017643
0.244000017643
0.244000017643
0.244000017643
0.244000017643
0.244000017643
0.244000017643
0.244000017643
0.244000017643
0.244000017643
0.245999991894
0.245999991894
0.245999991894
0.245999991894
0.245999991894
0.245999991894
0.245999991894
0.245999991894
0.245999991894
0.245999991894
0.245999991894
0.245999991894
0.245999991894
0.245999991894
0.245999991894
0.245999991894
0.245999991894
0.245999991894
0.248000025749
0.248000025749
0.248000025749
0.248000025749
0.248000025749
0.248000025749
0.248000025749
0.248000025749
0.248000025749
0.248000025749
0.248000025749
0.248000025749
0.248000025749
0.248000025749
0.248000025749
0.248000025749
0.248000025749
0.248000025749
0.248000025749
0.248000025749
0.248000025749
0.248000025749
0.248000025749
0.248000025749
0.248000025749
0.248000025749
0.248000025749
0.248000025749
0.248000025749
0.248000025749
0.248000025749
0.248000025749
0.248000025749
0.248000025749
0.248000025749
0.248000025749
0.248000025749
0.248000025749
0.248000025749
0.248000025749
0.248000025749
0.248000025749
0.25
0.25
0.25
0.25
0.25
0.25
0.25
0.25
0.25
0.25
0.25
0.25
0.25
0.25
0.25
0.25
0.25
0.25
0.25
0.25
0.25
0.25
0.25
0.25
0.25
0.25
0.25
0.25
0.25
0.25
0.25
0.25
0.25
0.25
0.25
0.25
0.25
0.25
0.25
0.25
0.25
0.251999974251
0.251999974251
0.251999974251
0.251999974251
0.251999974251
0.251999974251
0.251999974251
0.251999974251
0.251999974251
0.251999974251
0.251999974251
0.251999974251
0.251999974251
0.251999974251
0.251999974251
0.251999974251
0.251999974251
0.251999974251
0.251999974251
0.251999974251
0.251999974251
0.251999974251
0.251999974251
0.251999974251
0.251999974251
0.251999974251
0.251999974251
0.251999974251
0.251999974251
0.251999974251
0.251999974251
0.251999974251
0.251999974251
0.251999974251
0.251999974251
0.251999974251
0.251999974251
0.251999974251
0.251999974251
0.251999974251
0.254000008106
0.254000008106
0.254000008106
0.254000008106
0.254000008106
0.254000008106
0.254000008106
0.254000008106
0.254000008106
0.254000008106
0.254000008106
0.254000008106
0.254000008106
0.254000008106
0.254000008106
0.254000008106
0.254000008106
0.254000008106
0.254000008106
0.254000008106
0.254000008106
0.254000008106
0.254000008106
0.254000008106
0.254000008106
0.254000008106
0.255999982357
0.255999982357
0.255999982357
0.255999982357
0.255999982357
0.255999982357
0.255999982357
0.255999982357
0.255999982357
0.255999982357
0.255999982357
0.255999982357
0.255999982357
0.255999982357
0.255999982357
0.255999982357
0.255999982357
0.255999982357
0.255999982357
0.255999982357
0.255999982357
0.255999982357
0.255999982357
0.255999982357
0.255999982357
0.255999982357
0.255999982357
0.255999982357
0.255999982357
0.255999982357
0.255999982357
0.258000016212
0.258000016212
0.258000016212
0.258000016212
0.258000016212
0.258000016212
0.258000016212
0.258000016212
0.258000016212
0.258000016212
0.258000016212
0.258000016212
0.258000016212
0.258000016212
0.258000016212
0.258000016212
0.258000016212
0.258000016212
0.258000016212
0.258000016212
0.258000016212
0.258000016212
0.258000016212
0.258000016212
0.258000016212
0.258000016212
0.258000016212
0.258000016212
0.258000016212
0.258000016212
0.258000016212
0.258000016212
0.258000016212
0.258000016212
0.258000016212
0.258000016212
0.258000016212
0.259999990463
0.259999990463
0.259999990463
0.259999990463
0.259999990463
0.259999990463
0.259999990463
0.259999990463
0.259999990463
0.259999990463
0.259999990463
0.259999990463
0.259999990463
0.259999990463
0.259999990463
0.259999990463
0.259999990463
0.259999990463
0.259999990463
0.259999990463
0.259999990463
0.259999990463
0.259999990463
0.259999990463
0.259999990463
0.259999990463
0.259999990463
0.262000024319
0.262000024319
0.262000024319
0.262000024319
0.262000024319
0.262000024319
0.262000024319
0.262000024319
0.262000024319
0.262000024319
0.262000024319
0.262000024319
0.262000024319
0.262000024319
0.262000024319
0.262000024319
0.262000024319
0.262000024319
0.262000024319
0.262000024319
0.262000024319
0.262000024319
0.262000024319
0.262000024319
0.262000024319
0.262000024319
0.262000024319
0.262000024319
0.262000024319
0.262000024319
0.262000024319
0.263999998569
0.263999998569
0.263999998569
0.263999998569
0.263999998569
0.263999998569
0.263999998569
0.263999998569
0.263999998569
0.263999998569
0.263999998569
0.263999998569
0.263999998569
0.263999998569
0.263999998569
0.263999998569
0.263999998569
0.263999998569
0.263999998569
0.263999998569
0.263999998569
0.263999998569
0.26599997282
0.26599997282
0.26599997282
0.26599997282
0.26599997282
0.26599997282
0.26599997282
0.26599997282
0.26599997282
0.26599997282
0.26599997282
0.26599997282
0.26599997282
0.26599997282
0.26599997282
0.26599997282
0.26599997282
0.26599997282
0.26599997282
0.268000006676
0.268000006676
0.268000006676
0.268000006676
0.268000006676
0.268000006676
0.268000006676
0.268000006676
0.268000006676
0.268000006676
0.268000006676
0.268000006676
0.268000006676
0.268000006676
0.268000006676
0.268000006676
0.268000006676
0.268000006676
0.268000006676
0.268000006676
0.268000006676
0.269999980927
0.269999980927
0.269999980927
0.269999980927
0.269999980927
0.269999980927
0.269999980927
0.269999980927
0.269999980927
0.269999980927
0.269999980927
0.269999980927
0.269999980927
0.269999980927
0.269999980927
0.269999980927
0.269999980927
0.269999980927
0.272000014782
0.272000014782
0.272000014782
0.272000014782
0.272000014782
0.272000014782
0.272000014782
0.272000014782
0.272000014782
0.272000014782
0.272000014782
0.272000014782
0.272000014782
0.272000014782
0.272000014782
0.272000014782
0.272000014782
0.272000014782
0.272000014782
0.273999989033
0.273999989033
0.273999989033
0.273999989033
0.273999989033
0.273999989033
0.273999989033
0.273999989033
0.273999989033
0.273999989033
0.273999989033
0.273999989033
0.273999989033
0.273999989033
0.273999989033
0.273999989033
0.273999989033
0.273999989033
0.273999989033
0.273999989033
0.276000022888
0.276000022888
0.276000022888
0.276000022888
0.276000022888
0.276000022888
0.276000022888
0.276000022888
0.276000022888
0.277999997139
0.277999997139
0.277999997139
0.277999997139
0.277999997139
0.277999997139
0.277999997139
0.277999997139
0.277999997139
0.277999997139
0.277999997139
0.277999997139
0.277999997139
0.277999997139
0.277999997139
0.277999997139
0.277999997139
0.27999997139
0.27999997139
0.27999997139
0.27999997139
0.27999997139
0.27999997139
0.27999997139
0.27999997139
0.27999997139
0.27999997139
0.27999997139
0.27999997139
0.27999997139
0.282000005245
0.282000005245
0.282000005245
0.282000005245
0.282000005245
0.282000005245
0.282000005245
0.282000005245
0.282000005245
0.283999979496
0.283999979496
0.283999979496
0.283999979496
0.283999979496
0.283999979496
0.283999979496
0.283999979496
0.283999979496
0.283999979496
0.286000013351
0.286000013351
0.286000013351
0.286000013351
0.286000013351
0.286000013351
0.287999987602
0.287999987602
0.287999987602
0.287999987602
0.287999987602
0.287999987602
0.287999987602
0.287999987602
0.287999987602
0.287999987602
0.287999987602
0.290000021458
0.291999995708
0.291999995708
0.291999995708
0.291999995708
0.291999995708
0.294000029564
0.294000029564
0.296000003815
0.296000003815
0.297999978065
0.297999978065
0.300000011921
0.300000011921
0.300000011921
0.300000011921
0.300000011921
0.300000011921
0.301999986172
0.304000020027
0.304000020027
0.304000020027
0.305999994278
0.305999994278
0.305999994278
0.305999994278
0.305999994278
0.305999994278
0.305999994278
0.308000028133
0.308000028133
0.308000028133
0.308000028133
0.308000028133
0.308000028133
0.308000028133
0.310000002384
0.310000002384
0.310000002384
0.310000002384
0.311999976635
0.311999976635
0.31400001049
0.31400001049
0.31400001049
0.31400001049
0.315999984741
0.315999984741
0.315999984741
0.318000018597
0.318000018597
0.319999992847
0.319999992847
0.325999975204
0.32800000906
0.329999983311
0.329999983311
0.336000025272
0.336000025272
0.339999973774
0.339999973774
0.339999973774
0.35799998045
0.374000012875
0.375999987125
0.399999976158
0.424000024796
0.425999999046
0.434000015259
0.458000004292
0.476000010967
0.543999999762
0.548000007868
0.620000004768
0.655999988317
0.662000000477
0.733999997377
0.834000006318
0.854000002146
